Passed: 2020-05-24T20:35:30.448616800
Passed: 2020-05-24T20:39:16.960744800
Passed: 2020-05-24T20:39:26.286720400
Denied: 2020/05/24 20:39:37
